N  FE
0.7037464540322834  2.229125146312909
0.7515912277346998  2.3324307559192565
0.8013080776406394  2.437158589155655
0.8529148308101293  2.543244060466704
0.9064286655379746  2.6506232217009233
0.9618661364202958  2.7592327751772543
1.019243198366904  2.86901008437274
1.0785752296106421  2.9798931824840644
1.1398770537617033  3.091820779086631
1.203162960952112  3.2047322650908283
1.268446728112903  3.31856771617344
1.3357416384241003  3.433267894843327
1.4050604999753427  3.5487742512839517
1.4764156636729293  3.6650289231008006
1.5498190404270769  3.781974734088514
1.6252821176514143  3.899555192121588
1.702815975105028  4.017714486261821
1.7824313001058063  4.136397483166878
1.8641384021423715  4.255549722876286
1.9479472269104883  4.375117414043639
2.033867369798588  4.495047428677705
2.1219080888457817  4.615287296448855
2.2120783171946865  4.7357851986125
2.304386675060209  4.856489961595829
2.3988414812345464  4.977351050290628
2.4954507641475905  5.098318561090296
2.594222272501179  5.219343214706511
2.695163485494624  5.340376348797127
2.7982816226582914  5.4613699104343905
2.9035836533111805  5.582276448439727
3.011076305657743  5.703049105609392
3.120766075538534  5.823641610852266
3.2326592348486014  5.944008271260304
3.3467618396369643  6.064103964129042
3.4630797378998897  6.183884128944929
3.581618577080209  6.30330475935427
3.702383811284273  6.422322395127123
3.825380708227814  6.540894114128636
3.9506143559213247  6.65897752430863
4.078089669105252  6.776530755719592
4.207811395444828  6.89351245257209
4.3397841214939215  7.009881765335738
4.474012278436937  7.125598342892986
4.61050014761743  7.240622324752302
4.7492518658617  7.354914333326787
4.890271430605307  7.468435466283244
5.033562704830183  7.581147288966432
5.179129421819576  7.693011826902661
5.326975189737934  7.803991558386411
5.477103496042359  7.914049407153208
5.6295177117322055  8.023148735140781
5.784221095442915  8.131253335342489
5.941216797390149  8.238327424753258
6.100507863169818  8.344335637410811
6.2620972374195905  8.449243017533572
6.4259877673471175  8.5530150127558
6.5921822061300075  8.655617467461559
6.760683216192437  8.757016616217603
6.931493372363091  8.857179077306144
7.104615164918835  8.956071846357412
7.280051002518492  9.053662290082283
7.457803215030889  9.149918140104987
7.6378740562610155  9.244807486895484
7.820265706578309  9.338298773801522
8.004980275450524  9.430360791179494
8.192019803886925  9.520962670624023
8.381386266793978  9.610073879295213
8.573081575247041  9.697664214343304
8.767107578680923  9.783703797429117
8.96346606700255  9.868163069340714
9.162158772628501  9.95101278470385
9.363187372450207  10.03222400678612
9.566553489729602  10.111768102393965
9.772258695927595  10.18961673686031
9.980304512468058  10.265741869123142
10.190692412439525  10.340115746892694
10.403423822237055  10.412710901906522
10.618500123146271  10.483500145271712
10.835922652871899  10.552456562891877
11.055692707012675  10.619553510978673
11.277811540484613  10.684764611646285
11.502280368894679  10.748063748587152
11.729100369866398  10.809425062828721
11.958272684319377  10.868822948568411
12.1897984177043  10.926232049087103
12.423678641195101  10.981627252738544
12.659914392839704  11.03498368901422
12.898506678671087  11.086276724682337
13.139456473779745  11.135481959998542
13.382764723349373  11.182575224989163
13.628432343656696  11.227532575803673
13.876460223036998  11.270330291136016
14.126849222816466  11.310944868714385
14.379600178212518  11.349353021855626
14.634713899203412  11.385531676086632
14.892191171368015  11.419457965828315
15.152032756696967  11.45110923114268
15.414239394376184  11.48046301454148
15.678811801543691  11.50749705785501
15.94575067402074  11.532189299160363
16.215056687018148  11.55451786976721
16.48673049581868  11.574461091261004
16.760772736436316  11.591997472601637
17.037184026253378  11.60710570727716
17.315964964636002  11.619764670510598
17.597116133528974  11.62995341651985
17.880638098030595  11.637651175828644
18.166531406948177  11.642837352628554
18.45479659333494  11.645491522190179
18.74543417500897  11.645593428322522
19.03844465505474  11.64312298088076
19.333828522307964  11.638060253319452
19.631586251824334  11.630385480292661
19.931718305332453  11.620079055297746
20.23422513167203  11.607121528363255
20.53910716721716  11.591493603780343
20.84636483628593  11.573176137875208
21.15599855153618  11.55215013682348
21.468008714348375  11.528396754504797
21.782395715195754  11.501897290396874
22.09915993400226  11.47263318750816
22.41830174048876  11.440586030348474
22.739821494507808  11.405737542937345
23.063719546367484  11.368069586847701
23.389996237144523  11.327564159286217
23.718651898987332  11.284203391208093
24.049686855408897  11.237969545466079
24.383101421570377  11.18884501499307
24.718895904555183  11.13681232101758
25.057070603634344  11.081854111311461
25.397625810523053  11.023953158468226
25.740561809629114  10.963092358214336
26.085878878292988  10.899254727747952
26.433577287020384  10.832423404109285
26.78365729970718  10.76258164257997
27.136119173856983  10.689712815108601
27.4909631607918  10.613800408767284
27.84818950585583  10.53482802423331
28.20779844861279  10.45277937429762
28.569790223036723  10.367638282400385
28.934165057696745  10.279388681191882
29.300923175935907  10.188014611117936
29.670064796044326  10.093500219030373
30.041590131426588  9.995829756821871
30.415499390763987  9.894987580083654
30.791792778171523  9.790958146787062
31.170470493349775  9.683726015987343
31.55153273173206  9.573275846550068
31.93497968462682  9.459592395898497
32.320811539355546  9.34266051878338
32.709028479386134  9.22246516607269
33.09963068446219  9.098991383562472
33.49261833072819  8.972224310807304
33.887991590850476  8.842149179970791
34.28575063413479  8.708751314695144
34.68589562663955  8.572016128989553
35.088426731286106  8.431929126137707
35.493344107965044  8.288475897621938
35.900647913639396  8.141642122067605
36.310338302444464  7.991413564201885
37.031046714558826  7.6876853829229805
37.342068154888175  7.537899400668954
37.65391866039564  7.389180338861078
37.966593820146336  7.241529632357175
38.28008925631601  7.094948648356514
38.59440062403088  6.949438687536592
38.90952361120628  6.805000985174328
39.22545393838581  6.661636712252438
39.542187358579156  6.5193469765457674
39.85971965710076  6.378132823697122
40.178046651406966  6.237995238272679
40.4971641909341  6.098935144805091
40.81706815693586  5.960953408821303
41.137754462319954  5.8240508378529094
41.459219051485746  5.688228182435911
41.78145790016063  5.553486137091204
42.104467015237304  5.419825341295686
42.428242434609864  5.287246380434724
42.75278022701104  5.15574978674494
43.078076491848385  5.025336040239516
43.40412735904101  4.896005569622415
43.73092898885614  4.767758753188465
44.05847757174583  4.640595919710741
44.38676932818329  4.514517349313852
44.71580050850003  4.389523274335689
45.04556739272238  4.2656138801763355
45.37606629040882  4.14278930613451
45.7072935404863  4.02104964622986
46.03924551108814  3.9003949500171413
46.371918599391215  3.780825223384965
46.705309231453185  3.662340429343815
47.03941386205065  3.544940488803308
47.37422897451682  3.4286252813372595
47.70975108057976  3.3133946459366377
48.04597672020112  3.1992483817537787
48.38290246141426  3.0861862488330565
48.72052490016376  2.9742079688314935
49.05884066014428  2.8633132257306504
49.397846392640524  2.7535016665344374
49.7375387763666  2.644772901959146
50.07791451730695  2.537126507112991
50.41897034855612  2.4305620221639064
50.76070303016043  2.3250789529998173
51.1031093489587  2.2206767718761045
51.44618611842427  2.117354918056673
51.78993017850679  2.0151127984419706
52.13433839547518  1.9139497881910925
52.47940766175992  1.813865231331501
52.825134895796815  1.7148584413611543
53.171517041870615  1.6169287018415937
53.518551069959166  1.5200752669814093
53.8662339755781  1.4242973622108597
54.214562779626085  1.3295941847491533
54.56353452823043  1.2359649041609289
54.913146292592764  1.1434086629059712
55.263395168836375  1.0519245768805021
55.61427827785266  0.9615117359487102
55.96579276514897  0.8721692044676811
56.317935800696574  0.7838960218043934
56.670704578779734  0.6966912028428258
57.02409631784421  0.6105537384861839
57.378108260347574  0.5254825961488062
57.73273767260917  0.44147672024153906
58.08798184466083  0.35853503265037195
58.44383809009845  0.27665643320629485
58.80030374593406  0.19583980014883717
59.15737617244757  0.11608399058117998
59.515052753040884  0.037387840920587924
59.87333089409069  -0.040249832661165025
60.23220802480333  -0.11683023380217934
60.59168159706901  -0.1923545855220928
60.951749085317964  -0.26682412980091696
61.31240798637552  -0.3402401271644388
61.67365581931982  -0.412603856275462
62.035490125338086  -0.48391661353230353
62.39790846758498  -0.5541797126733059
62.76090843104118  -0.6233944843873991
63.124487622371916  -0.6915622759312043
63.488643669786924  -0.7586844507527034
63.85337422290121  -0.8247623881193661
64.21867695259535  -0.8897974827538847
64.58454955087743  -0.9537911444749054
64.9509897307451  -1.0167447978439614
65.3179952260484  -1.0786598818173114
65.68556379135342  -1.1395378494046675
66.05369320180665  -1.1993801673318822
66.42238125299885  -1.2581883157108422
66.79162576083174  -1.3159637877133876
67.16142456138283  -1.3727080892509662
67.53177551077292  -1.4284227386602797
67.90267648503324  -1.4831092663923113
68.2741253799737  -1.5367692147082228
68.64612011105065  -1.589404137380085
69.01865861323752  -1.6410155993950717
69.39173884089385  -1.6916051766657878
69.76535876763614  -1.7411744557462805
70.13951638620945  -1.7897250335501624
70.51420970835873  -1.8372585170760092
70.88943676470191  -1.883776523136036
71.26519560460311  -1.9292806780895606
71.64148429604619  -1.9737726175814154
72.0183009255098  -2.017253986283684
72.39564359784237  -2.0597264376432753
72.77351043613783  -2.101191633632592
73.15189958161237  -2.1416512445058338
73.53080919348173  -2.1811069485566605
73.91023744883903  -2.2195604318840267
74.29018254253252  -2.2570133881588528
74.67064268704628  -2.2934675183955453
75.05161611237868  -2.328924530728678
75.43310106592347  -2.3633861401920107
75.81509581235079  -2.396854068502005
76.19759863348918  -2.4293300438450247
76.58060782820758  -2.4608158006690046
76.96412171229876  -2.4913130794771847
77.3481386183633  -2.5208236266270343
77.73265689569332  -2.5493491941320343
78.1176749101583  -2.576891539466855
78.50319104408987  -2.6034524253770215
78.88920369616926  -2.629033619690039
79.27571128131345  -2.6536368951318936
79.66271223056313  -2.677264029146248
80.0502049909711  -2.699916803715839
80.43818802549075  -2.721597005188879
80.82665981286634  -2.7423064241073347
81.21561884752244  -2.762046855039228
81.60506363945532  -2.7808200964129757
81.99499271412427  -2.7986279503554248
82.38540461234362  -2.8154722225336117
82.77629789017554  -2.831354721997947
83.16767111882345  -2.8462772610297082
83.55952288452629  -2.860241654989397
83.95185178845236  -2.8732497221717
84.34465644659574  -2.885303283658408
84.73793548967097  -2.8964041631783135
85.1316875630105  -2.9065541869665963
85.52591132646127  -2.9157551836299107
85.9206054542828  -2.9240089840111088
86.31576863504492  -2.9313174210587296
86.71139957152778  -2.937682329697362
87.1074969806203  -2.9431055467028915
87.50405959322148  -2.947588910577075
87.90108615413999  -2.951134261427706
88.29857542199667  -2.953743440848404
88.6965261691257  -2.955418291802902
89.09493718147783  -2.9561606585105955
89.493807258523  -2.955972386334429
89.89313521315486  -2.954855321671105
90.2929198715943  -2.952811311844334
90.693160073295  -2.9498422049987134
91.09385467084897  -2.945949849996839
91.49500252989228  -2.9411360963188287
91.89660252901257  -2.935402793962614
92.2986535596552  -2.928751793348006
92.70115452603255  -2.921184945220706
93.10410434503127  -2.9127041005605614
93.50750194612212  -2.903311110490098
93.91134627126885  -2.893007826186164
94.31563627483904  -2.8817960987923716
94.72037092351474  -2.8696777793340216
95.12554919620344  -2.8566547186344518
95.53117008395012  -2.842728767235248
95.93723258984981  -2.827901775314
96.34373572896031  -2.8121755926085865
96.75067852821589  -2.795552068339421
97.15806002634142  -2.7780330511360787
97.5658792737667  -2.7596203889635933
97.9741353325423  -2.7403159290520533
98.38282727625419  -2.7201215178266227
98.79195418994111  -2.6990390008392433
99.20151517001067  -2.6770702227027727
99.61150932415707  -2.654217027026574
100.02193577127846  -2.6304812563520823
100.43279364139588  -2.6058647520921596
100.844082075572  -2.5803693544694477
101.25580022583001  -2.553996902458979
101.66794725507464  -2.52674923372938
102.08052233701186  -2.4986281845877576
102.49352465606985  -2.469635589924527
102.90695340732071  -2.43977328316038
103.32080779640276  -2.409043096193973
103.7350870394426  -2.377446859351395
104.14979036297807  -2.3449864013373
104.56491700388237  -2.3116635491856345
104.98046620928758  -2.27748012821377
105.39643723650929  -2.242437961976505
105.81282935297146  -2.2065388722218344
106.22964183613242  -2.169784678847391
106.64687397341041  -2.1321771998589707
107.06452506211001  -2.093718251328264
107.48259440934977  -2.054409647354447
107.90108133198859  -2.0142532000255184
108.31998515655467  -1.9732507193792566
108.73930521917322  -1.931404013367951
109.15904086549561  -1.8887148878224507
109.57919145062887  -1.8451851464180618
109.99975633906482  -1.800816590641034
110.42073490461127  -1.7556110197552295
110.84212653032219  -1.7095702307717207
111.2639306084287  -1.6626960184183868
111.6861465402714  -1.6149901751092763
112.10877373623183  -1.566454490917013
112.5318116156655  -1.5170907535447322
112.95525960683418  -1.4669007482989782
113.3791171468407  -1.4158862580643101
113.80338368156112  -1.36404906327786
114.22805866558024  -1.311390941905482
114.65314156212605  -1.2579136694178354
115.07863184300487  -1.2036190187681461
115.50452898853742  -1.1485087603706297
115.93083248749387  -1.0925846620793314
116.35754183703132  -1.0358484891677189
116.78465654263044  -0.9783020043093941
117.21217611803254  -0.9199469675596521
117.64010008517754  -0.860785136337832
118.06842797414247  -0.8008182654083602
118.49715932307939  -0.7400481068666124
118.92629367815509  -0.6784764101212902
119.35583059348971  -0.6161049218806826
119.78576963109744  -0.5529353861363518
120.21611036082633  -0.48896954415086985
120.64685236029862  -0.4242091344442896
121.07799521485263  -0.35865589278089793
121.50953851748307  -0.292311552158309
121.94148186878378  -0.22517784279541023
122.37382487688961  -0.1572564921215261
122.80656715741918  -0.08854922476642395
123.23970833341757  -0.019057762551115843
123.67324803529984  0.051216175521386464
124.10718590079507  0.12227087327522293
124.54152157489017  0.19410461736884724
124.9762547097744  0.26671569730230565
125.41138496478455  0.34010240542479714
125.84691200635017  0.4142630369419286
126.2828355079392  0.4891958899190855
126.71915515000343  0.5648992652889917
127.15587061992571  0.641371466855571
127.59298161196661  0.7186108012997521
128.03048782721078  0.7966155781821361
128.46838897351515  0.8753841099465784
128.90668476545656  0.9549147119250329
129.3453749242802  1.0352057023381838
129.7844591778471  1.1162554022988636
130.2239372605847  1.1980621358138306
130.66380891343454  1.2806242297859702
131.1040738838029  1.3639400140135225
131.54473192551012  1.4480078211928424
131.9857827987407  1.5328259869169745
132.42722626999523  1.618392849677757
132.86906211203927  1.704706750863273
133.31129010385675  1.7917660347587139
133.75391003059988  1.8795690485444156
134.19692168354229  1.968114142295296
134.64032486003023  2.0573996689772494
135.08411936343666  2.1474239844488108
135.52830500311242  2.238185447454857
135.9728815943407  2.329682419625416
136.4178489582902  2.4219132654737447
136.86320692196932  2.5148763523923523
137.3089553181799  2.6085700506489977
137.75509398547203  2.702992733383247
138.20162276809873  2.7981427766028255
138.64854151597126  2.8940185591785594
139.0958500846146  2.990618462840399
139.54354833512275  3.087940872172313
139.99163613411582  3.18598417460752
140.44011335369493  3.2847467604223493
140.88897987140015  3.384227022732267
141.338235570167  3.48442335748429
141.78788033828326  3.585334163451747
142.23791406934777  3.6869578422294036
142.68833666222616  3.7892927982241544
143.13914802101183  3.8923374386517406
143.5903480549815  3.9960901735267362
144.04193667855628  4.100549415658989
144.4939138112586  4.205713580642433
144.94627937767353  4.311581086852045
145.39903330740677  4.418150355432753
145.85217553504495  4.525419810293161
146.30570600011643  4.633387878098997
146.75962464705063  4.7420529882620635
147.21393142513915  4.851413572934719
147.6686262884972  4.961468067000276
148.1237091960238  5.072214908065563
148.57918011136405  5.18365253644992
149.0350390028707  5.295779395179724
149.49128584356595  5.408593929976829
149.94792061110383  5.522094589251162
150.40494328773266  5.636279824090389
150.8623538602585  5.75114808825209
151.32015232000657  5.866697838152899
151.77833866278698  5.982927532859851
152.23691288885536  6.0998356340801205
152.69587500287957  6.217420606153073
153.15522501390177  6.335680916037667
153.6149629353032  6.454615033304827
154.07508878476963  6.574221430126956
154.5356025842547  6.694498581266937
154.996504359946  6.815444964068864
155.4577941422305  6.937059058448397
155.919471965659  7.05933934687966
156.38153786891286  7.182284314388539
156.84399189476954  7.3058924485398204
157.3068340900696  7.4301622394270685
157.77006450568155  7.555092179662243
158.2336831964707  7.6806807643661426
158.69769022126408  7.8069264911542255
159.16208564281945  7.933827860130055
159.62686952779075  8.061383373871914
160.09204194669775  8.189591537422405
160.5576029738925  8.318450858278027
161.02355268752757  8.44795984637717
161.48989116952495  8.578117014089933
161.95661850554433  8.70892087620739
162.4237347849512  8.84036994992933
162.89124010078697  8.972462754853678
163.35913454973712  9.105197812965777
163.8274182321013  9.238573648626259
164.29609125176196  9.372588788560611
164.76515371615562  9.50724176184813
165.23460573624186  9.642531099909228
165.7044474264732  9.778455336495565
166.17467890476692  9.915013007677919
166.64530029247464  10.052202651835284
167.11631171435306  10.190022809643631
167.58771329853582  10.328472024063737
168.0595051765043  10.467548840331363
168.53168748305896  10.607251805943902
169.0042603562915  10.74757947065074
169.47722393755546  10.888530386440204
169.9505783714402  11.030103107530186
170.42432380574158  11.172296190354393
170.89846039143487  11.315108193553398
171.37298828264787  11.458537677961395
171.84790763663284  11.602583206596142
172.32321861374018  11.747243344645698
172.79892137739165  11.892516659459499
173.27501609405311  12.038401720534958
173.7515029332088  12.18489709950783
174.22838206733508  12.332001370139057
174.7056536718733  12.47971310830479
175.18331792520578  12.628030891984649
175.6613750086288  12.776953301251137
176.1398251063264  12.926478918255887
176.61866840534745  13.076606327221553
177.0979050955784  13.227334114429786
177.57753536971865  13.378660868207422
178.05755942325717  13.530585178919933
178.53797745444533  13.683105638955132
179.01878966427515  13.83622084271634
179.499996256453  13.98992938660886
179.9815974373763  14.144229869029164
180.46359341611003  14.299120890355248
180.9459844043617  14.4546010529331
181.4287706164592  14.610668961069175
181.91195226932598  14.767323221015403
182.39552958245892  14.924562440961662
182.8795027779041  15.082385231022805
183.36387208023535  15.24079020322916
183.84863771652945  15.399775971513616
184.33379991634595  15.559341151704546
184.8193589117024  15.719484361511388
185.30531493705269  15.880204220514967
185.79166822926595  16.04149935015789
186.27841902760366  16.203368373733593
186.76556757369787  16.36580991637511
187.25311411152938  16.528822605043505
187.74105888740655  16.692405068520628
188.22940214994355  16.856555937395427
188.71814415003976  17.021273844055358
189.20728514085755  17.186557422674852
189.6968253778025  17.352405309205913
190.1867651185023  17.5188161413681
190.67710462278518  17.68578855863626
191.1678441526612  17.85332120223296
191.65898397229984  18.02141271511586
192.1505243480118  18.190061741971018
192.64246554822716  18.359266929198157
193.13480784347604  18.529026924904446
193.62755150636997  18.699340378893563
194.12069681158033  18.870205942655048
194.61424403582055  19.04162226935495
195.1081934578251  19.213588013825348
195.6025453583324  19.386101832557085
196.09730002006296  19.559162383685777
196.59245772770282  19.732768326986566
197.08801876788374  19.906918323861625
197.5839834291642  20.081611037331406
198.08035200201175  20.256845132026218
198.57712477878303  20.432619274173845
199.07430205370778  20.608932131595
199.57188412286854  20.785782373688214
200.06987128418348  20.96316867142569
200.56826383738886  21.141089697340515
201.06706208402028  21.319544125519506
201.56626632739545  21.498530631592672
202.0658768725977  21.678047892725818
202.56589402645665  21.85809458760969
203.0663180975322  22.03866939645229
203.56714939609714  22.21977100096999
204.0683882341201  22.401398084377508
204.5700349252485  22.58354933138052
205.07208978479133  22.7662234281654
205.57455312970313  22.949419062392106
206.07742527856786  23.13313492318563
206.58070655158173  23.317369701125383
207.08439727053553  23.502122088237652
207.58849775880188  23.687390777988977
208.09300834131497  23.873174465275056
208.59792934455936  24.059471846414393
209.10326109654827  24.24628161913775
209.60900392681333  24.43360248258264
210.11515816638632  24.62143313728394
210.62172414778308  24.80977228516456
211.1287022049895  24.99861862952938
211.6360926734455  25.18797087505571
212.1438958900299  25.377827727786652
212.65211219304567  25.568187895121856
213.16074192220395  25.75905008581056
213.66978541861081  25.950413009943507
214.1792430247512  26.142275378945225
214.68911508447368  26.334635905566913
215.19940194297885  26.527493303877186
215.71010394680147  26.720846289257082
216.22122144379665  26.914693578389805
216.73275478312897  27.109033889255436
217.24470431525316  27.303865941121437
217.75707039190397  27.49918845453833
218.26985336608138  27.69500015132932
218.7830535920351  27.89129975458486
219.29667142525233  28.088085988654406
219.8107072224445  28.28535757913983
220.32516134153295  28.483113252889975
220.84003414163465  28.681351737990315
221.35532598305073  28.88007176375824
221.8710372272507  29.079272060734898
222.38716823686295  29.27895136068111
222.903719375658  29.479108396566264
223.4206910085378  29.679741902565752
223.9380835015218  29.88085061405084
224.45589722173372  30.082433267584477
224.97413253739103  30.28448860091369
225.4927898177899  30.487015352963006
226.01186943329375  30.690012263828475
226.5313717553209  30.89347807477037
227.05129715633257  31.09741152820822
227.5716460098189  31.30181136771275
228.0924186902896  31.506676338001355
228.61361557325984  31.712005184931304
229.1352370352368  31.917796655491227
229.6572834537126  32.12404949780054
230.17975520714788  32.33076246109627
230.70265267496205  32.53793429573428
231.22597623752165  32.74556375317729
231.7497262761283  32.953649585992515
232.27390317300723  33.16219054784468
232.79850731129676  33.37118539349
233.32353907503625  33.58063287877179
233.8489988491532  33.790531760611785
234.37488701945725  34.00088079700911
234.90120397262248  34.211678747029836
235.42795009618112  34.4229243708043
235.9551257785108  34.63461642952121
236.4827314088253  34.84675368542174
237.01076737716028  35.0593349017938
237.53923407436807  35.27235884296841
238.06813189210013  35.48582427431117
238.59746122280345  35.69972996222098
239.127222459707  35.91407467412252
239.65741599680908  36.12885717845994
240.18804222887113  36.34407624469434
240.71910155140566  36.55973064329769
241.25059436066596  36.77581914574773
241.78252105363583  36.99234052452183
242.3148820280196  37.20929355309493
242.84767768223486  37.42667700593064
243.38090841539835  37.64448965848137
243.9145746273195  37.86273028717925
244.44867671848857  38.08139766943277
244.98321509006843  38.30049058362268
245.51819014388363  38.52000780909675
246.05360228241256  38.73994812616626
246.5894519087777  38.960310316099324
247.12573942673632  39.181093161118355
247.6624652406684  39.402295444394234
248.19962975557195  39.623915950042445
248.73723337705  39.84595346311869
249.2752765113046  40.06840676961576
249.81375956512548  40.29127465645509
250.35268294588332  40.514555911488664
250.8920470615173  40.73824932348898
251.43185232053122  40.96235368214843
251.97209913197904  41.186867778073776
252.51278790546294  41.41179040278313
253.05391905111773  41.637120348699774
253.59549297960803  41.862856409151426
254.13751010211416  42.08899737836107
254.67997083033126  42.31554205145043
255.2228755764519  42.54248922442755
255.76622475316904  42.7698376941929
256.3100187736511  42.997586258521984
256.85425805155495  43.22573371607782
257.39894300099826  43.45427886639311
257.94407403656464  43.68322050987546
258.48965157328917  43.91255744779839
259.035676026651  44.14228848230107
259.5821478125706  44.37241241638366
260.12906734739295  44.60292805390278
260.6764350478887  44.83383419956953
261.22425133124045  45.06512965894484
261.77251661503857  45.29681323843658
262.32123131727053  45.52888374529576
262.87039585631857  45.76133998761477
263.4200106509439  45.99418077432024
263.9700761202884  46.22740491517513
264.5205926838616  46.46101122077027
265.07156076153296  46.69499850252362
265.6229807735296  46.9293655726788
266.17485314042307  47.164111244297004
266.727178283127  47.39923433125907
267.2799566228855  47.63473364825812
267.83318858127416  47.870608010801355
268.3868745801825  48.10685623520216
268.9410150418127  48.34347713857841
269.4956103886739  48.58046953885198
270.05066104357337  48.81783225474362
270.60616742960826  49.05556410576891
271.16212997016345  49.29366391223958
271.71854908889827  49.5321304952549
272.27542520975106  49.77096267670634
272.8327587569121  50.010159279263945
273.390550154844  50.24971912638668
273.9487998282528  50.48964104230954
274.5075082020941  50.7299238520454
275.06667570155935  50.970566381380564
275.6263027520794  51.211567456875436
276.1863897793027  51.45292590585516
276.74693720910363  51.69464055641506
277.30794546757323  51.9367102374148
277.8694149809939  52.17913377846721
278.4313461758934  52.42191000996396
278.99373947893156  52.665037763025445
279.55659531700667  52.908515869546875
280.1199141171881  53.15234316216971
280.6836963067258  53.39651847428633
281.24794231301394  53.64104064002152
281.8126525636863  53.88590849427963
282.377827486398  54.13112087264528
282.94346750895664  54.37667661144098
283.50957305993524  54.62257454799735
283.0345600034324  54.4162348261593
286.4786316845673  56.29392083710221
289.94522851944663  58.15847950954268
293.43436136944325  60.009756204872346
296.9460409175174  61.84759714190213
300.4802776713251  63.67184938970512
304.0370819662675  65.48236086051476
307.61646396848516  67.27898030268207
311.218433677799  69.06155729369772
314.8430009305982  70.82994223326914
318.4901754026756  72.58398633645959
322.15996661201234  74.32354162688326
325.8523839215121  76.04846092996256
329.5674365416857  77.7585978662398
333.30513353328877  79.4538068447507
337.06548380991137  81.13394305645821
340.84849614052  82.798862467734
344.65417915195604  84.44842181390935
348.48254133138823  86.08247859287471
352.3335910287208  87.70089105873926
356.2073364589603  89.30351821554947
360.10378570453787  90.89021981105752
364.02294671759176  92.46085633055053
367.9648273222085  94.01528899073547
371.929435216624  95.55337973367568
375.9167779753849  97.07499122078413
379.9268630514731  98.57998682687186
383.9596977783914  100.06823063425128
388.01528937221076  101.53958742688947
392.0936449335844  102.99392268461867
396.19477144972274  104.43110257739694
400.3186757963356  105.85099395962388
404.46536473953944  107.25346436450809
408.63484493773035  108.63838199848587
412.827122943424  110.00561573568915
417.04220520506345  111.3550351124707
421.2800980687957  112.68651032197464
425.5408077802141  113.9999122087582
429.82434048607354  115.29511226346534
434.1307022359728  116.57198261754894
438.45989898400944  117.83039603804272
442.81193659040383  119.07022592238023
447.18682082309437  120.29134629326369
451.5845573593066  121.49363179357915
456.0051517870941  122.67695768136687
460.44860960685094  123.84119982482645
464.91493623279746  124.9862346973735
469.4041369944452  126.11193937275463
473.9162171380282  127.21819152018712
478.45118182791504  128.30486939956162
483.00903614799427  129.37185185668207
487.58978510303587  130.41901831855395
492.1934336200289  131.44624878871386
496.81998654949547  132.453423842604
501.46944866678257  133.4404246229943
506.1418246733315  134.4071328354424
510.8371191979236  135.3534307437993
515.555336797907  136.27920116575788
520.2964819603991  137.1843274684429
525.0605591034708  138.06869356404073
529.847572577308  138.93218390547628
534.6575266653563  139.77468348212594
539.4904255854401  140.5960778155707
544.3462734908691  141.39625295539213
549.2250744715209  142.17509547500939
554.1268325549069  142.9324924675539
559.051551707219  143.66833154177925
563.9992358343591  144.38250081801806
568.969888782951  145.0748889241735
573.9635143413312  145.74538499174227
578.9801162405305  146.39387865189116
584.0196981552308  147.02026003155308
589.0822637047079  147.62441974957102
594.1678164537626  148.20624891287895
599.276359913628  148.76563911271055
604.4078975428674  149.3024824208543
609.5624327482548  149.81667138593514
614.7399688856398  150.30809902974036
619.9405092607976  150.7766588435689
625.1640571302677  151.22224478462914
630.4106157021721  151.64475127245768
635.6801881370245  152.04407318538006
640.9727775485263  152.42010585700513
646.2883870043438  152.7727450727455
651.6270195268776  153.10188706637996
656.988678094016  153.40742851664393
662.3733656398772  153.68926654385058
667.7810850555356  153.94729870654598
673.2118391897424  154.18142299819877
678.6656308496251  154.39153784391524
684.1424628013829  154.57754209718667
689.6423377709658  154.73933503667448
695.165258444746  154.8768163630157
700.7112274701728  154.98988619566492
706.280247456419  155.07844506976065
711.8723209750214  155.14239393303257
717.4874505604996  155.1816341427193
723.1256387109739  155.1960674625361
728.7868878887699  155.18559605965194
734.4712005210102  155.15012250171029
740.1785790002  155.08954975386771
745.9090256848006  155.00378117586533
751.6625428997949  154.89272051912442
757.4391329372395  154.7562719238713
763.2387980568159  154.59433991629416
769.0615404863607  154.4068294057113
774.9073624223971  154.193645681783
780.7762660306537  153.95469441173967
786.6682534465717  153.68988163763595
792.5833267758107  153.39911377363913
798.5214880947382  153.0822976033265
804.4827394509155  152.73934027702543
810.4670828635761  152.3701493091653
816.4745203240925  151.97463257566528
822.5050537964398  151.55269831132966
828.5586852176451  151.10425510728857
834.6354164982397  150.62921190844372
840.7352495226892  150.12747801094687
846.8581861498325  149.5989630597036
853.0042282133029  149.04357704589245
859.173377521942  148.46123030451338
865.3656358602158  147.85183351195602
871.581004988612  147.2152976835891
877.8194866440427  146.55153417137356
884.0810825402274  145.860454661501
890.3657943680836  145.14197117204756
896.6736237960998  144.3959960506513
903.0045724707077  143.6224419722136
909.3586420166466  142.82122193661777
915.7358340373235  141.99224926647128
922.1361501151658  141.13543760486579
928.5595918119666  140.25070091316155
935.0061606692293  139.3379534687888
941.4758582085008  138.3971098630663
947.9686859317035  137.42808499904962
954.4846453214594  136.43079408938652
961.0237378414097  135.40515265420254
967.5859649365292  134.3510765189942
974.1713280334353  133.2684818125554
980.7798285406943  132.15728496491047
987.4114678491161  131.0174027052707
994.066247332052  129.84875206000976
1000.7441683456841  128.6512503506546
1007.4452322293072  127.42481519189812
1014.1694403056116  126.16936448962454
1020.9167938809578  124.88481643895976
1027.6872942456475  123.57108952233092
1034.4809426741883  122.22810250754422
1041.297740425561  120.85577444589472
1048.1376887434697  119.45402467026621
1055.000788856603  118.0227727932713
1061.8870419788811  116.56193870539954
1068.7964493096977  115.07144257317428
1075.729012034169  113.55120483734174
1082.6847313233627  112.00114621106282
1089.663608334539  110.4211876781279
1096.665644211378  108.81125049118354
1103.6908400842035  107.17125616997468
1110.73919707021  105.5011264996084
1117.8107162736771  103.80078352882195
1124.905398786192  102.07014956828189
1132.023245686853  100.30914718887688
1139.164258042481  98.51769922004188
1146.328436907829  96.69572874809676
1153.515783325778  94.84315911458975
1160.72629832754  92.95991391465782
1167.9599829328508  91.04591699541301
1175.2168381501617  89.10109245431508
1182.4968649768307  87.12536463760195
1189.8000643993103  85.11865813868609
1197.1264373933227  83.08089779659767
1204.4759849240497  81.01200869442687
1211.8487079463034  78.91191615778476
1219.244607404705  76.78054575327788
1226.6636842338523  74.61782328698291
1234.105939358489  72.4236748029597
1241.5713736936764  70.19802658175283
1249.0599881449486  67.94080513891947
1256.5717836084793  65.65193722356005
1264.106760971239  63.33134981687665
1271.664921111146  60.97897013072549
1279.2462648972282  58.59472560619633
1286.8507931897657  56.17854391219315
1294.478506840445  53.730352944034365
1302.1294066925007  51.25008082206162
1309.8034935808619  48.73765589026057
1317.5007683322922  46.19300671489308
1325.2212317655303  43.61606208314142
1332.9648846914245  41.00675100176313
1340.7317279130668  38.365002695757454
1348.521762225934  35.69074660704723
1356.3349884180027  32.98391239315916
1364.1714072698928  30.244429925930355
1372.0310195549832  27.472229290218273
1379.9138260395437  24.667240782617725
1387.8198274828505  21.829394910198868
1395.749024637311  18.958622389241086
1403.7014182485834  16.05485414399495
1411.6770090556847  13.11802130543783
1419.675797791119  10.148055210051185
1427.6977851809766  7.144887398599019
1435.742971945055  4.10844961492954
1443.8113587969613  1.0386738047685733
1451.9029464442256  -2.064507885459309
1460.017735588406  -5.201163109817515
1468.1557269251841  -8.371359324017211
1476.316921144482  -11.575163786577459
1484.5013189305485  -14.812643559977879
1492.7089209620708  -18.083865511795196
1500.9397279122654  -21.388896315833435
1509.1937404489734  -24.727802453247357
1517.47095923476  -28.100650213654674
1525.7713849270035  -31.507505696233288
1534.0950181779885  -34.9484348108305
1542.4418596349956  -38.423503279029525
1550.8119099403932  -41.932776635241126
1559.2051697317168  -45.476320227767516
1567.6216396417658  -49.05419921985876
1576.0613202986797  -52.66647859077067
1584.5242123260264  -56.313223136799934
1593.0103163428794  -59.994497472327346
1601.5196329639023  -63.71036603083983
1610.0521627994272  -67.46089306594824
1618.6079064555333  -71.24614265239849
1627.186864534122  -75.06617868707701
1635.7890376329924  -78.92106489000204
1644.4144263459202  -82.81086480530922
1653.0630312627245  -86.73564180223838
1661.7348529693463  -90.69545907608884
1670.4298920479127  -94.69037964920317
1679.1481490768142  -98.720466371909
1687.8896246307665  -102.7857819234721
1696.654319280884  -106.88638881304344
1705.4422335947418  -111.02234938057852
1714.2533681364448  -115.19372579778071
1723.0877234666866  -119.40058006901614
1731.9453001428228  -123.64297403221724
1740.826098718924  -127.9209693597988
1749.7301197458426  -132.23462755954998
1758.6573637712684  -136.5840099755356
1767.6078313397952  -140.96917778896662
1776.5815229929747  -145.39019201909153
1785.5784392693743  -149.84711352405455
1794.598580704634  -154.3400030017792
1803.6419478315242  -158.86892099080725
1812.7085411799999  -163.43392787115891
1821.7983612772532  -168.03508386517717
1830.911408647769  -172.67244903836905
1840.047683813374  -177.34608330023644
1849.2071872932931  -182.0560464050952
1858.3899196041953  -186.80239795291052
1867.5958812602478  -191.58519739009245
1876.8250727731631  -196.40450401031512
1886.0774946522454  -201.26037695532426
1895.3531474044423  -206.1528752157126
1904.6520315343905  -211.08205763172523
1913.9741475444591  -216.04798289404312
1923.3194959348  -221.05070954455215
1932.6880772033871  -226.0902959771234
1942.0798918460646  -231.1668004383753
1951.4949403565877  -236.28028102843908
1960.9332232266647  -241.4307957017068
1970.3947409460068  -246.6184022675848
1979.8794940023545  -251.84315839124258
1989.3874828815315  -257.1051215943375
1998.9187080674778  -262.4043492557667
2008.4731700422917  -267.7408986123831
2018.050869286271  -273.11482675971223
2027.6518062779414  -278.52619065268794
2037.275981494103  -283.97504710635076
2046.9233954098672  -289.4614527965521
2056.5940484986895  -294.9854642606706
2066.2879412324046  -300.54713789828855
2076.0050740812603  -306.14652997190865
2085.7454475139616  -311.78369660761933
2095.509061997693  -317.4586937957813
2105.2959179981594  -323.17157739171114
2115.106015979615  -328.92240311634623
2124.939356404897  -334.7112265569205
2134.795939735459  -340.5381031676144
2144.675766431404  -346.4030882702192
2154.578836951506  -352.3062370547959
2164.505151753253  -358.2476045803126
2174.4547112928685  -364.22724577529215
2184.427516025338  -370.24521543845685
2194.423566404457  -376.3015682393508
2204.442862882831  -382.3963587189857
2214.485405911929  -388.5296412904514
2224.5511959420915  -394.70147023955286
2234.6402334225722  -400.9118997254072
2244.752518801564  -407.16098378107444
2254.888052526208  -413.448776314158
2265.0468350426395  -419.77533110740967
2275.2288667960047  -426.140701819326
2285.434148230491  -432.54494198475425
2295.662679789332  -438.98810501547246
2305.9144619148683  -445.4702442007764
2316.189495048539  -451.9914127080778
2326.4877796309106  -458.5516635834702
2336.8093161017196  -465.1510497523067
